Time(sec),Latitude(°),Longitude(°),Altitude(km),ECR X Position(km),ECR Y Position(km),ECR Z Position(km),ECR X Velocity(m/s),ECR Y Velocity(m/s),ECR Z Velocity(m/s),ECR X Acceleration(m/s²),ECR Y Acceleration(m/s²),ECR Z Acceleration(m/s²)
220.000,32.583466,45.985501,546.332,4057.754,4199.800,3709.341,2401.376,-244.086,716.742,-4.896,-5.380,-4.475
221.000,32.581799,45.966895,547.972,4060.154,4199.553,3710.055,2396.480,-249.465,712.269,-4.896,-5.376,-4.472
222.000,32.580138,45.948306,549.604,4062.547,4199.302,3710.765,2391.584,-254.839,707.797,-4.896,-5.371,-4.470
223.000,32.578479,45.929713,551.228,4064.936,4199.043,3711.471,2386.688,-260.207,703.328,-4.896,-5.367,-4.468
224.000,32.576810,45.911129,552.844,4067.321,4198.781,3712.172,2381.792,-265.572,698.862,-4.896,-5.362,-4.466
225.000,32.575150,45.892554,554.452,4069.700,4198.512,3712.869,2376.895,-270.931,694.397,-4.897,-5.358,-4.463
226.000,32.573480,45.873989,556.053,4072.075,4198.240,3713.561,2371.998,-276.287,689.935,-4.897,-5.353,-4.461
227.000,32.571815,45.855426,557.645,4074.444,4197.961,3714.249,2367.102,-281.637,685.475,-4.897,-5.349,-4.459
228.000,32.570147,45.836873,559.229,4076.809,4197.676,3714.932,2362.204,-286.983,681.018,-4.897,-5.344,-4.456
229.000,32.568481,45.818329,560.805,4079.168,4197.387,3715.611,2357.307,-292.325,676.562,-4.897,-5.340,-4.454
230.000,32.566810,45.799794,562.373,4081.523,4197.092,3716.285,2352.409,-297.662,672.109,-4.897,-5.335,-4.452
231.000,32.565143,45.781254,563.933,4083.873,4196.791,3716.955,2347.511,-302.995,667.658,-4.899,-5.331,-4.450
232.000,32.563468,45.762730,565.485,4086.218,4196.485,3717.620,2342.613,-308.323,663.209,-4.899,-5.327,-4.448
233.000,32.561799,45.744208,567.029,4088.558,4196.174,3718.281,2337.714,-313.647,658.763,-4.899,-5.322,-4.445
234.000,32.560129,45.725702,568.565,4090.893,4195.858,3718.938,2332.815,-318.967,654.318,-4.899,-5.317,-4.443
235.000,32.558456,45.707192,570.093,4093.224,4195.536,3719.590,2327.916,-324.282,649.876,-4.900,-5.312,-4.441
236.000,32.556781,45.688696,571.614,4095.550,4195.210,3720.238,2323.017,-329.593,645.436,-4.900,-5.308,-4.439
237.000,32.555109,45.670210,573.126,4097.870,4194.877,3720.881,2318.116,-334.899,640.998,-4.900,-5.304,-4.437
238.000,32.553433,45.651719,574.631,4100.186,4194.540,3721.520,2313.216,-340.201,636.562,-4.900,-5.300,-4.435
239.000,32.551757,45.633243,576.127,4102.496,4194.197,3722.154,2308.315,-345.498,632.129,-4.901,-5.295,-4.433
240.000,32.550079,45.614768,577.616,4104.803,4193.848,3722.784,2303.415,-350.792,627.697,-4.901,-5.291,-4.431
241.000,32.548401,45.596310,579.095,4107.103,4193.495,3723.409,2298.513,-356.081,623.268,-4.901,-5.287,-4.428
242.000,32.546722,45.577853,580.568,4109.399,4193.136,3724.030,2293.611,-361.365,618.840,-4.902,-5.282,-4.426
243.000,32.545042,45.559397,582.033,4111.691,4192.773,3724.647,2288.709,-366.646,614.415,-4.902,-5.278,-4.424
244.000,32.543362,45.540956,583.490,4113.977,4192.403,3725.259,2283.807,-371.922,609.992,-4.902,-5.274,-4.422
245.000,32.541684,45.522511,584.939,4116.258,4192.028,3725.867,2278.904,-377.194,605.571,-4.904,-5.270,-4.420
246.000,32.539998,45.504080,586.380,4118.535,4191.649,3726.470,2274.000,-382.462,601.151,-4.904,-5.266,-4.418
247.000,32.538316,45.485657,587.813,4120.806,4191.264,3727.069,2269.097,-387.725,596.734,-4.904,-5.261,-4.416
248.000,32.536639,45.467236,589.237,4123.073,4190.873,3727.664,2264.193,-392.984,592.319,-4.905,-5.257,-4.414
249.000,32.534951,45.448823,590.655,4125.335,4190.478,3728.254,2259.288,-398.239,587.906,-4.905,-5.253,-4.412
250.000,32.533270,45.430425,592.064,4127.591,4190.077,3728.840,2254.383,-403.490,583.495,-4.906,-5.249,-4.410
251.000,32.531584,45.412021,593.465,4129.843,4189.671,3729.421,2249.477,-408.737,579.086,-4.906,-5.245,-4.408
252.000,32.529894,45.393625,594.859,4132.091,4189.260,3729.998,2244.571,-413.979,574.679,-4.906,-5.240,-4.406
253.000,32.528206,45.375237,596.244,4134.332,4188.843,3730.570,2239.664,-419.217,570.274,-4.907,-5.236,-4.404
254.000,32.526515,45.356857,597.622,4136.570,4188.421,3731.138,2234.758,-424.451,565.870,-4.907,-5.232,-4.402
255.000,32.524829,45.338478,598.992,4138.802,4187.994,3731.702,2229.850,-429.681,561.469,-4.908,-5.228,-4.400
256.000,32.523139,45.320106,600.353,4141.030,4187.561,3732.261,2224.942,-434.907,557.070,-4.908,-5.224,-4.398
257.000,32.521449,45.301749,601.707,4143.252,4187.124,3732.816,2220.033,-440.129,552.672,-4.909,-5.220,-4.396
258.000,32.519761,45.283386,603.054,4145.470,4186.681,3733.367,2215.124,-445.346,548.277,-4.909,-5.216,-4.395
259.000,32.518068,45.265044,604.392,4147.682,4186.234,3733.913,2210.215,-450.560,543.883,-4.910,-5.212,-4.393
260.000,32.516372,45.246696,605.721,4149.889,4185.780,3734.454,2205.305,-455.770,539.491,-4.910,-5.208,-4.391
261.000,32.514682,45.228349,607.044,4152.093,4185.321,3734.992,2200.394,-460.975,535.101,-4.911,-5.204,-4.389
262.000,32.512987,45.210022,608.359,4154.290,4184.858,3735.525,2195.483,-466.176,530.713,-4.911,-5.200,-4.387
263.000,32.511288,45.191690,609.665,4156.484,4184.389,3736.053,2190.571,-471.374,526.327,-4.912,-5.196,-4.385
264.000,32.509588,45.173371,610.964,4158.672,4183.916,3736.577,2185.658,-476.567,521.943,-4.913,-5.192,-4.383
265.000,32.507895,45.155053,612.255,4160.855,4183.436,3737.097,2180.745,-481.756,517.560,-4.914,-5.188,-4.382
266.000,32.506193,45.136749,613.538,4163.033,4182.952,3737.612,2175.831,-486.942,513.180,-4.914,-5.184,-4.380
267.000,32.504495,45.118439,614.813,4165.207,4182.462,3738.123,2170.917,-492.124,508.801,-4.915,-5.180,-4.378
268.000,32.502798,45.100135,616.080,4167.375,4181.967,3738.630,2166.003,-497.301,504.424,-4.916,-5.176,-4.376
269.000,32.501095,45.081846,617.340,4169.539,4181.468,3739.132,2161.086,-502.475,500.048,-4.916,-5.171,-4.374
270.000,32.499393,45.063563,618.592,4171.697,4180.963,3739.630,2156.170,-507.645,495.675,-4.917,-5.167,-4.373
271.000,32.497695,45.045274,619.836,4173.851,4180.453,3740.124,2151.254,-512.810,491.303,-4.917,-5.163,-4.371
272.000,32.495988,45.026998,621.072,4176.000,4179.938,3740.613,2146.337,-517.972,486.933,-4.918,-5.160,-4.369
273.000,32.494281,45.008723,622.299,4178.144,4179.416,3741.097,2141.418,-523.130,482.565,-4.919,-5.156,-4.367
274.000,32.492580,44.990461,623.520,4180.283,4178.891,3741.578,2136.499,-528.284,478.198,-4.919,-5.152,-4.366
275.000,32.490874,44.972205,624.732,4182.416,4178.360,3742.054,2131.579,-533.434,473.833,-4.920,-5.148,-4.364
276.000,32.489171,44.953943,625.937,4184.546,4177.824,3742.526,2126.659,-538.581,469.470,-4.921,-5.144,-4.362
277.000,32.487461,44.935694,627.133,4186.670,4177.283,3742.993,2121.738,-543.723,465.109,-4.921,-5.141,-4.361
278.000,32.485752,44.917452,628.322,4188.789,4176.737,3743.456,2116.817,-548.862,460.749,-4.922,-5.137,-4.359
279.000,32.484037,44.899210,629.503,4190.904,4176.185,3743.914,2111.894,-553.997,456.391,-4.923,-5.133,-4.357
280.000,32.482334,44.880981,630.677,4193.013,4175.629,3744.369,2106.971,-559.127,452.035,-4.923,-5.129,-4.356
281.000,32.480616,44.862751,631.842,4195.117,4175.067,3744.818,2102.047,-564.255,447.680,-4.924,-5.126,-4.354
282.000,32.478908,44.844528,632.999,4197.217,4174.500,3745.264,2097.122,-569.379,443.327,-4.925,-5.122,-4.352
283.000,32.477192,44.826304,634.149,4199.312,4173.928,3745.705,2092.197,-574.498,438.976,-4.926,-5.118,-4.351
284.000,32.475482,44.808094,635.291,4201.401,4173.351,3746.142,2087.271,-579.614,434.626,-4.926,-5.115,-4.349
285.000,32.473761,44.789890,636.425,4203.486,4172.769,3746.574,2082.344,-584.726,430.278,-4.927,-5.110,-4.347
286.000,32.472046,44.771685,637.551,4205.566,4172.182,3747.002,2077.416,-589.835,425.931,-4.928,-5.106,-4.346
287.000,32.470333,44.753486,638.670,4207.641,4171.589,3747.426,2072.488,-594.940,421.586,-4.929,-5.103,-4.344
288.000,32.468616,44.735293,639.781,4209.711,4170.992,3747.846,2067.558,-600.041,417.243,-4.929,-5.099,-4.343
289.000,32.466898,44.717100,640.884,4211.776,4170.389,3748.261,2062.628,-605.138,412.901,-4.930,-5.095,-4.341
290.000,32.465173,44.698919,641.979,4213.837,4169.781,3748.671,2057.697,-610.232,408.561,-4.931,-5.092,-4.339
291.000,32.463456,44.680744,643.067,4215.892,4169.169,3749.078,2052.765,-615.323,404.222,-4.932,-5.088,-4.338
292.000,32.461732,44.662568,644.146,4217.942,4168.551,3749.480,2047.832,-620.408,399.885,-4.934,-5.085,-4.336
293.000,32.460014,44.644405,645.218,4219.987,4167.928,3749.878,2042.899,-625.492,395.550,-4.934,-5.081,-4.335
294.000,32.458288,44.626241,646.282,4222.027,4167.300,3750.271,2037.964,-630.570,391.216,-4.935,-5.077,-4.333
295.000,32.456562,44.608076,647.338,4224.064,4166.667,3750.660,2033.029,-635.646,386.883,-4.936,-5.074,-4.332
296.000,32.454841,44.589923,648.386,4226.094,4166.029,3751.045,2028.093,-640.718,382.552,-4.937,-5.070,-4.330
297.000,32.453112,44.571769,649.427,4228.120,4165.385,3751.425,2023.156,-645.786,378.222,-4.938,-5.067,-4.329
298.000,32.451382,44.553628,650.460,4230.140,4164.737,3751.801,2018.218,-650.851,373.894,-4.939,-5.063,-4.327
299.000,32.449658,44.535485,651.485,4232.156,4164.084,3752.173,2013.279,-655.912,369.568,-4.940,-5.060,-4.326
300.000,32.447927,44.517355,652.502,4234.166,4163.426,3752.540,2008.339,-660.970,365.243,-4.941,-5.055,-4.324
301.000,32.446198,44.499216,653.511,4236.173,4162.761,3752.903,2003.399,-666.024,360.919,-4.941,-5.052,-4.323
302.000,32.444468,44.481090,654.513,4238.174,4162.093,3753.262,1998.457,-671.075,356.597,-4.942,-5.048,-4.322
303.000,32.442740,44.462968,655.507,4240.170,4161.419,3753.617,1993.514,-676.122,352.276,-4.943,-5.045,-4.320
304.000,32.441008,44.444853,656.493,4242.160,4160.741,3753.967,1988.571,-681.165,347.957,-4.944,-5.042,-4.319
305.000,32.439268,44.426735,657.471,4244.147,4160.057,3754.312,1983.626,-686.205,343.639,-4.945,-5.038,-4.317
306.000,32.437535,44.408630,658.442,4246.128,4159.369,3754.654,1978.681,-691.242,339.322,-4.946,-5.035,-4.316
307.000,32.435800,44.390523,659.405,4248.104,4158.675,3754.991,1973.734,-696.274,335.007,-4.947,-5.031,-4.314
308.000,32.434064,44.372428,660.360,4250.075,4157.976,3755.324,1968.787,-701.304,330.693,-4.948,-5.028,-4.313
309.000,32.432324,44.354324,661.307,4252.042,4157.272,3755.652,1963.838,-706.330,326.381,-4.949,-5.025,-4.312
310.000,32.430590,44.336232,662.247,4254.003,4156.563,3755.977,1958.889,-711.353,322.070,-4.950,-5.021,-4.310
311.000,32.428851,44.318145,663.179,4255.960,4155.849,3756.297,1953.939,-716.372,317.760,-4.951,-5.018,-4.309
312.000,32.427107,44.300063,664.102,4257.911,4155.130,3756.612,1948.987,-721.387,313.452,-4.952,-5.015,-4.308
313.000,32.425370,44.281993,665.019,4259.857,4154.407,3756.924,1944.034,-726.400,309.145,-4.953,-5.011,-4.306
314.000,32.423628,44.263913,665.928,4261.799,4153.678,3757.231,1939.080,-731.409,304.839,-4.954,-5.007,-4.305
315.000,32.421882,44.245839,666.828,4263.735,4152.943,3757.533,1934.126,-736.415,300.535,-4.955,-5.004,-4.304
316.000,32.420142,44.227776,667.721,4265.667,4152.205,3757.832,1929.170,-741.417,296.232,-4.956,-5.000,-4.302
317.000,32.418394,44.209711,668.607,4267.594,4151.461,3758.126,1924.213,-746.416,291.930,-4.957,-4.997,-4.301
318.000,32.416641,44.191651,669.484,4269.516,4150.712,3758.415,1919.255,-751.412,287.629,-4.958,-4.994,-4.300
319.000,32.414898,44.173595,670.354,4271.433,4149.958,3758.701,1914.296,-756.403,283.330,-4.960,-4.990,-4.299
320.000,32.413150,44.155543,671.216,4273.344,4149.199,3758.982,1909.336,-761.393,279.032,-4.961,-4.987,-4.297
321.000,32.411401,44.137503,672.071,4275.251,4148.436,3759.259,1904.375,-766.378,274.735,-4.962,-4.984,-4.296
322.000,32.409654,44.119454,672.917,4277.153,4147.666,3759.532,1899.412,-771.361,270.440,-4.963,-4.981,-4.295
323.000,32.407900,44.101416,673.756,4279.050,4146.893,3759.800,1894.449,-776.339,266.146,-4.964,-4.978,-4.294
324.000,32.406148,44.083382,674.587,4280.942,4146.114,3760.064,1889.484,-781.315,261.853,-4.965,-4.974,-4.292
325.000,32.404398,44.065353,675.411,4282.828,4145.330,3760.324,1884.519,-786.287,257.561,-4.966,-4.971,-4.291
326.000,32.402641,44.047321,676.226,4284.711,4144.541,3760.579,1879.552,-791.256,253.270,-4.967,-4.968,-4.290
327.000,32.400885,44.029293,677.034,4286.588,4143.747,3760.830,1874.583,-796.222,248.981,-4.969,-4.964,-4.289
328.000,32.399129,44.011276,677.835,4288.460,4142.949,3761.077,1869.614,-801.185,244.693,-4.970,-4.961,-4.288
329.000,32.397369,43.993263,678.627,4290.327,4142.145,3761.319,1864.643,-806.144,240.406,-4.971,-4.958,-4.286
330.000,32.395614,43.975247,679.412,4292.189,4141.337,3761.558,1859.672,-811.101,236.120,-4.972,-4.954,-4.285
331.000,32.393854,43.957236,680.190,4294.046,4140.523,3761.792,1854.699,-816.054,231.835,-4.973,-4.951,-4.284
332.000,32.392090,43.939228,680.958,4295.899,4139.704,3762.021,1849.725,-821.003,227.552,-4.975,-4.948,-4.283
333.000,32.390332,43.921231,681.721,4297.746,4138.881,3762.247,1844.750,-825.951,223.269,-4.976,-4.945,-4.282
334.000,32.388570,43.903225,682.474,4299.588,4138.052,3762.468,1839.773,-830.894,218.988,-4.977,-4.942,-4.281
335.000,32.386806,43.885229,683.221,4301.426,4137.219,3762.685,1834.796,-835.835,214.708,-4.978,-4.939,-4.280
336.000,32.385038,43.867236,683.959,4303.258,4136.381,3762.897,1829.816,-840.771,210.429,-4.980,-4.936,-4.279
337.000,32.383279,43.849248,684.690,4305.085,4135.537,3763.106,1824.836,-845.705,206.151,-4.981,-4.933,-4.277
338.000,32.381512,43.831270,685.413,4306.907,4134.690,3763.310,1819.855,-850.636,201.874,-4.982,-4.930,-4.276
339.000,32.379740,43.813281,686.128,4308.725,4133.836,3763.509,1814.871,-855.564,197.598,-4.983,-4.926,-4.275
340.000,32.377974,43.795304,686.836,4310.537,4132.978,3763.705,1809.887,-860.489,193.323,-4.985,-4.923,-4.274
341.000,32.376204,43.777330,687.536,4312.344,4132.115,3763.896,1804.902,-865.410,189.050,-4.986,-4.920,-4.273
342.000,32.374432,43.759352,688.229,4314.147,4131.247,3764.083,1799.915,-870.329,184.777,-4.987,-4.917,-4.272
343.000,32.372663,43.741392,688.914,4315.944,4130.375,3764.266,1794.928,-875.244,180.506,-4.989,-4.914,-4.271
344.000,32.370889,43.723421,689.590,4317.736,4129.497,3764.444,1789.938,-880.156,176.235,-4.990,-4.911,-4.270
345.000,32.369114,43.705460,690.259,4319.524,4128.614,3764.618,1784.947,-885.065,171.966,-4.991,-4.908,-4.269
346.000,32.367339,43.687496,690.921,4321.307,4127.727,3764.788,1779.955,-889.972,167.697,-4.993,-4.905,-4.268
347.000,32.365558,43.669549,691.575,4323.084,4126.835,3764.953,1774.961,-894.875,163.430,-4.994,-4.902,-4.267
348.000,32.363787,43.651592,692.221,4324.856,4125.937,3765.115,1769.967,-899.775,159.163,-4.995,-4.899,-4.266
349.000,32.362007,43.633644,692.860,4326.624,4125.035,3765.272,1764.971,-904.672,154.898,-4.997,-4.896,-4.265
350.000,32.360227,43.615693,693.491,4328.387,4124.128,3765.425,1759.973,-909.567,150.633,-4.998,-4.893,-4.264
351.000,32.358445,43.597751,694.114,4330.144,4123.216,3765.573,1754.974,-914.457,146.369,-5.000,-4.889,-4.263
352.000,32.356662,43.579806,694.729,4331.897,4122.299,3765.717,1749.974,-919.345,142.107,-5.001,-4.886,-4.262
353.000,32.354878,43.561871,695.337,4333.644,4121.378,3765.857,1744.972,-924.231,137.845,-5.002,-4.883,-4.261
354.000,32.353099,43.543931,695.936,4335.386,4120.450,3765.993,1739.969,-929.113,133.584,-5.004,-4.881,-4.260
355.000,32.351310,43.525995,696.529,4337.124,4119.519,3766.124,1734.964,-933.992,129.325,-5.005,-4.878,-4.259
356.000,32.349529,43.508075,697.114,4338.856,4118.583,3766.252,1729.958,-938.869,125.066,-5.007,-4.875,-4.258
357.000,32.347743,43.490144,697.691,4340.584,4117.641,3766.375,1724.950,-943.742,120.808,-5.008,-4.872,-4.258
358.000,32.345950,43.472223,698.260,4342.306,4116.695,3766.493,1719.942,-948.613,116.551,-5.010,-4.869,-4.257
359.000,32.344163,43.454298,698.822,4344.024,4115.744,3766.608,1714.931,-953.481,112.295,-5.011,-4.866,-4.256
360.000,32.342373,43.436382,699.376,4345.736,4114.788,3766.718,1709.920,-958.345,108.039,-5.013,-4.864,-4.255
361.000,32.340583,43.418462,699.922,4347.443,4113.827,3766.824,1704.906,-963.207,103.785,-5.014,-4.860,-4.254
362.000,32.338785,43.400551,700.460,4349.146,4112.862,3766.925,1699.892,-968.066,99.531,-5.016,-4.857,-4.253
363.000,32.336993,43.382636,700.992,4350.844,4111.891,3767.023,1694.875,-972.922,95.279,-5.017,-4.854,-4.252
364.000,32.335199,43.364730,701.515,4352.536,4110.916,3767.116,1689.857,-977.776,91.027,-5.019,-4.852,-4.251
365.000,32.333404,43.346820,702.030,4354.223,4109.935,3767.205,1684.837,-982.625,86.776,-5.020,-4.849,-4.251
366.000,32.331608,43.328919,702.539,4355.906,4108.951,3767.290,1679.817,-987.473,82.526,-5.022,-4.846,-4.250
367.000,32.329807,43.311021,703.039,4357.583,4107.961,3767.370,1674.794,-992.318,78.276,-5.023,-4.843,-4.249
368.000,32.328008,43.293124,703.531,4359.255,4106.966,3767.446,1669.770,-997.160,74.028,-5.025,-4.841,-4.248
369.000,32.326208,43.275223,704.016,4360.922,4105.966,3767.518,1664.744,-1001.999,69.780,-5.026,-4.838,-4.247
370.000,32.324407,43.257331,704.494,4362.585,4104.962,3767.586,1659.718,-1006.835,65.533,-5.028,-4.835,-4.247
371.000,32.322601,43.239442,704.963,4364.242,4103.953,3767.649,1654.689,-1011.669,61.287,-5.030,-4.832,-4.246
372.000,32.320797,43.221554,705.425,4365.894,4102.939,3767.708,1649.658,-1016.499,57.041,-5.031,-4.829,-4.245
373.000,32.318992,43.203662,705.879,4367.541,4101.920,3767.763,1644.627,-1021.327,52.797,-5.033,-4.826,-4.244
374.000,32.317189,43.185785,706.326,4369.183,4100.896,3767.814,1639.593,-1026.153,48.553,-5.034,-4.824,-4.244
375.000,32.315378,43.167904,706.765,4370.820,4099.868,3767.860,1634.558,-1030.975,44.309,-5.036,-4.821,-4.243
376.000,32.313566,43.150017,707.196,4372.453,4098.834,3767.902,1629.522,-1035.795,40.067,-5.038,-4.818,-4.242
377.000,32.311759,43.132139,707.619,4374.079,4097.796,3767.940,1624.483,-1040.612,35.825,-5.039,-4.816,-4.241
378.000,32.309948,43.114264,708.036,4375.702,4096.753,3767.974,1619.443,-1045.426,31.584,-5.041,-4.813,-4.241
379.000,32.308142,43.096396,708.444,4377.318,4095.705,3768.004,1614.401,-1050.238,27.344,-5.043,-4.811,-4.240
380.000,32.306328,43.078524,708.844,4378.930,4094.652,3768.029,1609.357,-1055.047,23.104,-5.044,-4.808,-4.239
381.000,32.304510,43.060653,709.238,4380.537,4093.595,3768.050,1604.313,-1059.853,18.866,-5.046,-4.804,-4.239
382.000,32.302700,43.042784,709.623,4382.138,4092.532,3768.067,1599.266,-1064.656,14.627,-5.048,-4.802,-4.238
383.000,32.300878,43.024917,710.001,4383.735,4091.465,3768.079,1594.218,-1069.457,10.390,-5.050,-4.799,-4.237
384.000,32.299056,43.007058,710.371,4385.327,4090.394,3768.087,1589.168,-1074.255,6.153,-5.051,-4.797,-4.237
385.000,32.297239,42.989193,710.733,4386.914,4089.317,3768.091,1584.116,-1079.051,1.917,-5.053,-4.794,-4.236
386.000,32.295420,42.971337,711.088,4388.495,4088.235,3768.091,1579.062,-1083.843,-2.319,-5.055,-4.792,-4.235
387.000,32.293601,42.953476,711.435,4390.072,4087.149,3768.087,1574.007,-1088.634,-6.554,-5.056,-4.789,-4.235
388.000,32.291776,42.935629,711.774,4391.643,4086.058,3768.078,1568.950,-1093.422,-10.788,-5.058,-4.787,-4.234
389.000,32.289950,42.917778,712.106,4393.209,4084.963,3768.065,1563.892,-1098.207,-15.022,-5.060,-4.784,-4.233
390.000,32.288123,42.899920,712.431,4394.771,4083.862,3768.048,1558.831,-1102.989,-19.255,-5.062,-4.781,-4.233
391.000,32.286302,42.882071,712.747,4396.327,4082.757,3768.027,1553.769,-1107.769,-23.488,-5.064,-4.778,-4.232
392.000,32.284469,42.864223,713.056,4397.879,4081.647,3768.001,1548.704,-1112.547,-27.720,-5.065,-4.776,-4.232
393.000,32.282643,42.846376,713.356,4399.424,4080.531,3767.971,1543.638,-1117.321,-31.951,-5.067,-4.773,-4.231
394.000,32.280811,42.828537,713.651,4400.965,4079.412,3767.937,1538.571,-1122.093,-36.182,-5.069,-4.771,-4.231
395.000,32.278981,42.810685,713.937,4402.502,4078.287,3767.899,1533.501,-1126.863,-40.412,-5.070,-4.768,-4.230
396.000,32.277145,42.792848,714.215,4404.033,4077.158,3767.856,1528.430,-1131.630,-44.642,-5.072,-4.766,-4.229
397.000,32.275315,42.775006,714.486,4405.559,4076.024,3767.810,1523.357,-1136.394,-48.871,-5.074,-4.764,-4.229
398.000,32.273484,42.757170,714.748,4407.079,4074.885,3767.759,1518.283,-1141.156,-53.099,-5.075,-4.761,-4.228
399.000,32.271641,42.739336,715.003,4408.595,4073.742,3767.703,1513.206,-1145.916,-57.328,-5.077,-4.758,-4.228
400.000,32.269804,42.721496,715.252,4410.106,4072.594,3767.644,1508.128,-1150.673,-61.555,-5.079,-4.755,-4.227
401.000,32.267965,42.703664,715.491,4411.612,4071.440,3767.580,1503.047,-1155.428,-65.782,-5.081,-4.753,-4.227
402.000,32.266121,42.685832,715.724,4413.112,4070.283,3767.512,1497.964,-1160.179,-70.009,-5.083,-4.751,-4.226
403.000,32.264286,42.668001,715.948,4414.607,4069.120,3767.440,1492.880,-1164.929,-74.235,-5.085,-4.748,-4.226
404.000,32.262443,42.650178,716.166,4416.097,4067.953,3767.364,1487.794,-1169.676,-78.460,-5.087,-4.746,-4.225
405.000,32.260595,42.632341,716.375,4417.583,4066.781,3767.283,1482.706,-1174.421,-82.686,-5.089,-4.744,-4.225
406.000,32.258749,42.614519,716.577,4419.063,4065.604,3767.198,1477.616,-1179.163,-86.910,-5.091,-4.741,-4.224
407.000,32.256901,42.596690,716.771,4420.539,4064.422,3767.109,1472.524,-1183.903,-91.134,-5.093,-4.738,-4.224
408.000,32.255059,42.578869,716.957,4422.008,4063.236,3767.016,1467.430,-1188.640,-95.358,-5.095,-4.736,-4.224
409.000,32.253212,42.561048,717.137,4423.473,4062.045,3766.919,1462.335,-1193.375,-99.581,-5.097,-4.734,-4.223
410.000,32.251357,42.543221,717.309,4424.933,4060.849,3766.817,1457.237,-1198.108,-103.804,-5.099,-4.731,-4.223
411.000,32.249507,42.525401,717.472,4426.388,4059.649,3766.711,1452.137,-1202.837,-108.027,-5.100,-4.729,-4.222
412.000,32.247656,42.507588,717.628,4427.837,4058.444,3766.601,1447.036,-1207.566,-112.249,-5.102,-4.727,-4.222
413.000,32.245803,42.489768,717.777,4429.281,4057.234,3766.487,1441.932,-1212.291,-116.471,-5.105,-4.724,-4.221
414.000,32.243945,42.471949,717.917,4430.721,4056.019,3766.368,1436.827,-1217.014,-120.692,-5.107,-4.722,-4.221
415.000,32.242086,42.454137,718.050,4432.155,4054.800,3766.245,1431.719,-1221.734,-124.913,-5.109,-4.719,-4.221
416.000,32.240226,42.436318,718.176,4433.585,4053.576,3766.118,1426.610,-1226.453,-129.133,-5.111,-4.717,-4.220
417.000,32.238370,42.418506,718.294,4435.009,4052.347,3765.987,1421.498,-1231.169,-133.354,-5.113,-4.715,-4.220
418.000,32.236513,42.400687,718.404,4436.428,4051.113,3765.852,1416.385,-1235.882,-137.573,-5.115,-4.712,-4.220
419.000,32.234648,42.382875,718.507,4437.842,4049.875,3765.712,1411.268,-1240.593,-141.793,-5.117,-4.710,-4.219
420.000,32.232785,42.365063,718.601,4439.250,4048.632,3765.568,1406.151,-1245.302,-146.012,-5.119,-4.708,-4.219
421.000,32.230920,42.347258,718.689,4440.654,4047.384,3765.420,1401.032,-1250.008,-150.231,-5.121,-4.706,-4.219
422.000,32.229051,42.329452,718.768,4442.052,4046.132,3765.267,1395.909,-1254.713,-154.449,-5.123,-4.703,-4.218
423.000,32.227186,42.311640,718.841,4443.446,4044.875,3765.111,1390.786,-1259.415,-158.668,-5.125,-4.701,-4.218
424.000,32.225314,42.293834,718.905,4444.834,4043.614,3764.950,1385.660,-1264.115,-162.885,-5.127,-4.698,-4.218
425.000,32.223449,42.276028,718.961,4446.216,4042.346,3764.785,1380.531,-1268.813,-167.103,-5.129,-4.696,-4.217
426.000,32.221574,42.258221,719.011,4447.595,4041.076,3764.616,1375.401,-1273.507,-171.320,-5.132,-4.694,-4.217
427.000,32.219700,42.240414,719.052,4448.968,4039.800,3764.442,1370.269,-1278.201,-175.537,-5.134,-4.692,-4.217
428.000,32.217831,42.222614,719.086,4450.335,4038.519,3764.265,1365.135,-1282.892,-179.754,-5.136,-4.690,-4.217
429.000,32.215954,42.204806,719.113,4451.698,4037.234,3764.083,1359.998,-1287.580,-183.971,-5.138,-4.688,-4.216
430.000,32.214076,42.187005,719.132,4453.056,4035.944,3763.897,1354.859,-1292.266,-188.187,-5.140,-4.685,-4.216
431.000,32.212202,42.169197,719.142,4454.408,4034.649,3763.707,1349.718,-1296.951,-192.403,-5.142,-4.683,-4.216
432.000,32.210317,42.151401,719.146,4455.755,4033.350,3763.512,1344.575,-1301.632,-196.619,-5.145,-4.681,-4.216
433.000,32.208437,42.133598,719.141,4457.097,4032.046,3763.313,1339.429,-1306.312,-200.834,-5.147,-4.679,-4.215
434.000,32.206555,42.115801,719.129,4458.433,4030.737,3763.110,1334.282,-1310.989,-205.050,-5.148,-4.677,-4.215
435.000,32.204672,42.097997,719.109,4459.765,4029.424,3762.903,1329.132,-1315.664,-209.265,-5.150,-4.675,-4.215
436.000,32.202788,42.080198,719.083,4461.092,4028.106,3762.692,1323.981,-1320.338,-213.480,-5.153,-4.672,-4.215
437.000,32.200898,42.062399,719.048,4462.414,4026.784,3762.476,1318.827,-1325.009,-217.695,-5.155,-4.670,-4.215
438.000,32.199017,42.044599,719.006,4463.730,4025.456,3762.257,1313.671,-1329.677,-221.909,-5.157,-4.668,-4.215
439.000,32.197123,42.026798,718.955,4465.040,4024.124,3762.032,1308.512,-1334.344,-226.124,-5.159,-4.666,-4.214
440.000,32.195233,42.008997,718.897,4466.347,4022.787,3761.804,1303.351,-1339.008,-230.338,-5.162,-4.664,-4.214
441.000,32.193343,41.991208,718.832,4467.647,4021.446,3761.572,1298.188,-1343.671,-234.552,-5.164,-4.662,-4.214
442.000,32.191449,41.973404,718.759,4468.943,4020.100,3761.335,1293.023,-1348.331,-238.766,-5.166,-4.660,-4.214
443.000,32.189552,41.955606,718.678,4470.234,4018.749,3761.094,1287.855,-1352.990,-242.980,-5.169,-4.657,-4.214
444.000,32.187655,41.937813,718.591,4471.519,4017.394,3760.849,1282.685,-1357.646,-247.194,-5.171,-4.655,-4.214
445.000,32.185762,41.920013,718.494,4472.799,4016.034,3760.600,1277.513,-1362.300,-251.408,-5.173,-4.653,-4.214
446.000,32.183861,41.902218,718.390,4474.073,4014.669,3760.346,1272.339,-1366.951,-255.621,-5.176,-4.651,-4.213
447.000,32.181962,41.884423,718.280,4475.344,4013.300,3760.089,1267.161,-1371.602,-259.835,-5.178,-4.649,-4.213
448.000,32.180064,41.866625,718.161,4476.608,4011.926,3759.827,1261.983,-1376.249,-264.048,-5.180,-4.647,-4.213
449.000,32.178158,41.848834,718.035,4477.867,4010.548,3759.561,1256.801,-1380.895,-268.261,-5.183,-4.645,-4.213
450.000,32.176250,41.831034,717.900,4479.122,4009.164,3759.290,1251.618,-1385.539,-272.475,-5.185,-4.642,-4.213
451.000,32.174348,41.813239,717.759,4480.370,4007.777,3759.016,1246.431,-1390.180,-276.688,-5.187,-4.640,-4.213
452.000,32.172440,41.795443,717.609,4481.614,4006.384,3758.737,1241.243,-1394.819,-280.901,-5.190,-4.639,-4.213
453.000,32.170530,41.777639,717.452,4482.853,4004.986,3758.454,1236.051,-1399.458,-285.114,-5.192,-4.637,-4.213
454.000,32.168622,41.759847,717.288,4484.086,4003.585,3758.167,1230.858,-1404.093,-289.327,-5.195,-4.635,-4.213
455.000,32.166703,41.742053,717.116,4485.315,4002.179,3757.875,1225.663,-1408.726,-293.540,-5.197,-4.633,-4.213
456.000,32.164798,41.724257,716.936,4486.537,4000.768,3757.580,1220.464,-1413.358,-297.753,-5.200,-4.630,-4.213
457.000,32.162882,41.706460,716.748,4487.755,3999.352,3757.280,1215.264,-1417.988,-301.966,-5.202,-4.628,-4.213
458.000,32.160967,41.688662,716.553,4488.968,3997.931,3756.976,1210.061,-1422.616,-306.179,-5.205,-4.627,-4.213
459.000,32.159041,41.670861,716.350,4490.176,3996.507,3756.667,1204.856,-1427.241,-310.392,-5.207,-4.625,-4.213
460.000,32.157126,41.653065,716.140,4491.378,3995.077,3756.355,1199.648,-1431.864,-314.605,-5.209,-4.623,-4.213
461.000,32.155203,41.635275,715.922,4492.575,3993.643,3756.038,1194.437,-1436.487,-318.818,-5.212,-4.621,-4.213
462.000,32.153281,41.617469,715.696,4493.767,3992.204,3755.717,1189.224,-1441.107,-323.031,-5.215,-4.618,-4.213
463.000,32.151357,41.599681,715.463,4494.953,3990.761,3755.392,1184.009,-1445.724,-327.244,-5.217,-4.617,-4.213
464.000,32.149435,41.581877,715.222,4496.135,3989.313,3755.063,1178.791,-1450.340,-331.457,-5.220,-4.615,-4.213
465.000,32.147505,41.564079,714.973,4497.311,3987.860,3754.729,1173.570,-1454.954,-335.671,-5.221,-4.613,-4.213
466.000,32.145576,41.546278,714.716,4498.482,3986.403,3754.391,1168.348,-1459.567,-339.884,-5.224,-4.611,-4.213
467.000,32.143645,41.528482,714.453,4499.648,3984.941,3754.049,1163.122,-1464.177,-344.097,-5.226,-4.610,-4.213
468.000,32.141713,41.510677,714.182,4500.809,3983.475,3753.703,1157.894,-1468.785,-348.311,-5.229,-4.607,-4.214
469.000,32.139786,41.492877,713.902,4501.964,3982.003,3753.353,1152.664,-1473.392,-352.525,-5.231,-4.605,-4.214
470.000,32.137849,41.475081,713.615,4503.113,3980.528,3752.998,1147.431,-1477.996,-356.738,-5.234,-4.604,-4.214
471.000,32.135912,41.457276,713.320,4504.258,3979.047,3752.639,1142.195,-1482.599,-360.952,-5.237,-4.602,-4.214
472.000,32.133972,41.439476,713.019,4505.398,3977.563,3752.276,1136.957,-1487.200,-365.166,-5.239,-4.600,-4.214
473.000,32.132037,41.421666,712.709,4506.533,3976.073,3751.909,1131.716,-1491.799,-369.380,-5.242,-4.598,-4.214
474.000,32.130091,41.403868,712.392,4507.662,3974.579,3751.537,1126.473,-1496.396,-373.594,-5.245,-4.596,-4.214
475.000,32.128155,41.386060,712.066,4508.786,3973.080,3751.162,1121.227,-1500.992,-377.809,-5.247,-4.594,-4.214
476.000,32.126212,41.368256,711.734,4509.904,3971.577,3750.782,1115.978,-1505.585,-382.023,-5.250,-4.593,-4.215
477.000,32.124266,41.350457,711.394,4511.017,3970.070,3750.398,1110.727,-1510.176,-386.238,-5.252,-4.591,-4.215
478.000,32.122318,41.332648,711.045,4512.125,3968.556,3750.009,1105.473,-1514.766,-390.453,-5.255,-4.590,-4.215
479.000,32.120373,41.314837,710.689,4513.228,3967.039,3749.617,1100.217,-1519.354,-394.668,-5.258,-4.587,-4.215
480.000,32.118421,41.297036,710.326,4514.325,3965.518,3749.220,1094.957,-1523.941,-398.884,-5.261,-4.585,-4.215
481.000,32.116469,41.279227,709.955,4515.418,3963.992,3748.819,1089.696,-1528.526,-403.099,-5.263,-4.584,-4.216
482.000,32.114517,41.261414,709.577,4516.505,3962.461,3748.414,1084.431,-1533.109,-407.315,-5.266,-4.582,-4.216
483.000,32.112557,41.243605,709.190,4517.587,3960.926,3748.004,1079.164,-1537.689,-411.531,-5.269,-4.581,-4.216
484.000,32.110605,41.225793,708.797,4518.664,3959.386,3747.591,1073.894,-1542.269,-415.747,-5.272,-4.578,-4.216
485.000,32.108647,41.207979,708.395,4519.735,3957.841,3747.173,1068.621,-1546.846,-419.963,-5.274,-4.576,-4.217
486.000,32.106688,41.190168,707.986,4520.801,3956.292,3746.751,1063.346,-1551.423,-424.180,-5.277,-4.575,-4.217
487.000,32.104730,41.172354,707.569,4521.862,3954.738,3746.325,1058.068,-1555.996,-428.397,-5.280,-4.573,-4.217
488.000,32.102764,41.154544,707.144,4522.917,3953.180,3745.894,1052.787,-1560.568,-432.614,-5.283,-4.572,-4.217
489.000,32.100799,41.136717,706.712,4523.967,3951.617,3745.459,1047.503,-1565.140,-436.832,-5.285,-4.569,-4.218
490.000,32.098832,41.118907,706.272,4525.012,3950.050,3745.020,1042.216,-1569.708,-441.049,-5.288,-4.568,-4.218
491.000,32.096866,41.101081,705.824,4526.052,3948.477,3744.577,1036.927,-1574.276,-445.268,-5.291,-4.566,-4.218
492.000,32.094899,41.083272,705.369,4527.086,3946.902,3744.130,1031.635,-1578.841,-449.486,-5.294,-4.565,-4.219
493.000,32.092926,41.065446,704.906,4528.115,3945.320,3743.678,1026.340,-1583.406,-453.705,-5.297,-4.563,-4.219
494.000,32.090951,41.047623,704.436,4529.139,3943.734,3743.222,1021.042,-1587.968,-457.924,-5.299,-4.561,-4.219
495.000,32.088981,41.029804,703.957,4530.157,3942.144,3742.762,1015.742,-1592.529,-462.143,-5.301,-4.560,-4.220
496.000,32.087005,41.011981,703.472,4531.170,3940.550,3742.298,1010.438,-1597.087,-466.363,-5.304,-4.558,-4.220
497.000,32.085031,40.994155,702.978,4532.178,3938.950,3741.830,1005.132,-1601.645,-470.583,-5.307,-4.557,-4.220
498.000,32.083052,40.976325,702.477,4533.180,3937.346,3741.357,999.824,-1606.200,-474.803,-5.310,-4.555,-4.221
499.000,32.081070,40.958499,701.968,4534.177,3935.738,3740.880,994.512,-1610.754,-479.024,-5.313,-4.553,-4.221
500.000,32.079090,40.940669,701.451,4535.169,3934.124,3740.399,989.197,-1615.307,-483.245,-5.316,-4.551,-4.221
501.000,32.077105,40.922836,700.928,4536.156,3932.507,3739.914,983.879,-1619.857,-487.467,-5.319,-4.550,-4.222
502.000,32.075120,40.904998,700.395,4537.137,3930.884,3739.424,978.558,-1624.407,-491.689,-5.322,-4.549,-4.222
503.000,32.073130,40.887171,699.856,4538.113,3929.258,3738.930,973.235,-1628.955,-495.911,-5.325,-4.547,-4.223
504.000,32.071139,40.869333,699.309,4539.084,3927.627,3738.432,967.908,-1633.501,-500.134,-5.328,-4.545,-4.223
505.000,32.069152,40.851497,698.754,4540.049,3925.991,3737.930,962.578,-1638.045,-504.357,-5.331,-4.544,-4.223
506.000,32.067156,40.833652,698.191,4541.009,3924.351,3737.423,957.246,-1642.588,-508.581,-5.334,-4.542,-4.224
507.000,32.065168,40.815816,697.621,4541.963,3922.706,3736.913,951.911,-1647.129,-512.805,-5.337,-4.541,-4.224
508.000,32.063171,40.797969,697.043,4542.913,3921.056,3736.398,946.573,-1651.670,-517.029,-5.340,-4.539,-4.225
509.000,32.061176,40.780131,696.457,4543.856,3919.403,3735.879,941.231,-1656.207,-521.254,-5.343,-4.537,-4.225
510.000,32.059172,40.762283,695.864,4544.795,3917.744,3735.355,935.887,-1660.744,-525.480,-5.346,-4.536,-4.226
511.000,32.057176,40.744431,695.263,4545.729,3916.080,3734.828,930.539,-1665.280,-529.705,-5.349,-4.535,-4.226
512.000,32.055174,40.726588,694.654,4546.656,3914.413,3734.296,925.189,-1669.813,-533.932,-5.352,-4.533,-4.227
513.000,32.053167,40.708741,694.038,4547.578,3912.742,3733.760,919.836,-1674.345,-538.159,-5.355,-4.531,-4.227
514.000,32.051164,40.690883,693.414,4548.496,3911.065,3733.220,914.479,-1678.876,-542.386,-5.358,-4.530,-4.228
515.000,32.049153,40.673028,692.782,4549.408,3909.383,3732.675,909.120,-1683.405,-546.614,-5.361,-4.529,-4.228
516.000,32.047140,40.655175,692.143,4550.314,3907.698,3732.126,903.757,-1687.932,-550.843,-5.364,-4.527,-4.229
517.000,32.045133,40.637317,691.495,4551.214,3906.007,3731.573,898.392,-1692.458,-555.072,-5.367,-4.526,-4.229
518.000,32.043119,40.619462,690.841,4552.110,3904.313,3731.016,893.022,-1696.983,-559.301,-5.371,-4.524,-4.230
519.000,32.041109,40.601596,690.178,4553.001,3902.613,3730.455,887.651,-1701.507,-563.531,-5.374,-4.523,-4.230
520.000,32.039090,40.583732,689.508,4553.886,3900.910,3729.889,882.276,-1706.028,-567.762,-5.377,-4.521,-4.231
521.000,32.037070,40.565870,688.830,4554.765,3899.202,3729.319,876.898,-1710.550,-571.993,-5.380,-4.520,-4.231
522.000,32.035053,40.547997,688.144,4555.639,3897.488,3728.745,871.517,-1715.069,-576.225,-5.383,-4.518,-4.232
523.000,32.033031,40.530133,687.452,4556.508,3895.772,3728.167,866.132,-1719.585,-580.457,-5.386,-4.517,-4.233
524.000,32.031007,40.512257,686.750,4557.372,3894.050,3727.584,860.745,-1724.102,-584.690,-5.389,-4.516,-4.233
525.000,32.028980,40.494383,686.041,4558.230,3892.323,3726.997,855.354,-1728.617,-588.924,-5.392,-4.514,-4.234
526.000,32.026952,40.476511,685.325,4559.082,3890.593,3726.406,849.960,-1733.130,-593.158,-5.395,-4.512,-4.234
527.000,32.024927,40.458628,684.601,4559.930,3888.857,3725.811,844.563,-1737.642,-597.393,-5.398,-4.511,-4.235
528.000,32.022895,40.440747,683.871,4560.772,3887.118,3725.212,839.162,-1742.152,-601.628,-5.402,-4.510,-4.236
529.000,32.020862,40.422860,683.131,4561.609,3885.373,3724.608,833.759,-1746.662,-605.864,-5.405,-4.509,-4.236
530.000,32.018828,40.404976,682.383,4562.440,3883.624,3724.000,828.353,-1751.170,-610.101,-5.408,-4.507,-4.237
531.000,32.016795,40.387086,681.628,4563.265,3881.870,3723.388,822.942,-1755.676,-614.338,-5.411,-4.506,-4.238
532.000,32.014753,40.369199,680.865,4564.086,3880.112,3722.771,817.529,-1760.181,-618.576,-5.415,-4.505,-4.238
533.000,32.012718,40.351306,680.095,4564.900,3878.350,3722.151,812.112,-1764.685,-622.815,-5.418,-4.503,-4.239
534.000,32.010675,40.333414,679.318,4565.710,3876.583,3721.526,806.693,-1769.187,-627.054,-5.421,-4.501,-4.240
535.000,32.008626,40.315518,678.531,4566.514,3874.812,3720.896,801.269,-1773.688,-631.295,-5.425,-4.500,-4.240
536.000,32.006585,40.297616,677.738,4567.312,3873.036,3720.263,795.844,-1778.188,-635.535,-5.428,-4.499,-4.241
537.000,32.004534,40.279716,676.937,4568.105,3871.256,3719.625,790.413,-1782.687,-639.777,-5.431,-4.498,-4.242
538.000,32.002485,40.261810,676.128,4568.893,3869.470,3718.983,784.980,-1787.184,-644.019,-5.435,-4.496,-4.243
539.000,32.000437,40.243899,675.311,4569.675,3867.681,3718.337,779.544,-1791.680,-648.262,-5.438,-4.495,-4.243
540.000,31.998386,40.225989,674.487,4570.452,3865.887,3717.687,774.104,-1796.174,-652.506,-5.441,-4.494,-4.244
541.000,31.996327,40.208081,673.655,4571.224,3864.089,3717.032,768.661,-1800.667,-656.751,-5.445,-4.493,-4.245
542.000,31.994274,40.190167,672.814,4571.989,3862.285,3716.373,763.215,-1805.159,-660.996,-5.448,-4.491,-4.246
543.000,31.992214,40.172255,671.967,4572.750,3860.479,3715.710,757.765,-1809.650,-665.242,-5.452,-4.490,-4.246
544.000,31.990157,40.154329,671.112,4573.505,3858.666,3715.043,752.312,-1814.140,-669.489,-5.455,-4.489,-4.247
545.000,31.988091,40.136406,670.249,4574.255,3856.850,3714.371,746.855,-1818.628,-673.736,-5.459,-4.488,-4.248
546.000,31.986027,40.118476,669.378,4574.999,3855.029,3713.695,741.394,-1823.115,-677.985,-5.462,-4.486,-4.249
547.000,31.983963,40.100554,668.499,4575.737,3853.204,3713.015,735.931,-1827.601,-682.234,-5.466,-4.485,-4.250
548.000,31.981897,40.082619,667.613,4576.471,3851.374,3712.331,730.464,-1832.085,-686.484,-5.469,-4.484,-4.250
549.000,31.979825,40.064693,666.719,4577.198,3849.540,3711.642,724.994,-1836.568,-690.735,-5.473,-4.483,-4.251
550.000,31.977760,40.046746,665.817,4577.920,3847.700,3710.950,719.519,-1841.051,-694.987,-5.476,-4.481,-4.252
551.000,31.975680,40.028815,664.907,4578.637,3845.858,3710.252,714.042,-1845.532,-699.239,-5.480,-4.480,-4.253
552.000,31.973607,40.010863,663.990,4579.348,3844.009,3709.551,708.561,-1850.012,-703.493,-5.483,-4.479,-4.254
553.000,31.971529,39.992919,663.065,4580.054,3842.157,3708.845,703.077,-1854.490,-707.747,-5.487,-4.478,-4.255
554.000,31.969452,39.974969,662.133,4580.755,3840.301,3708.136,697.589,-1858.968,-712.002,-5.490,-4.477,-4.256
555.000,31.967365,39.957020,661.192,4581.450,3838.440,3707.421,692.097,-1863.443,-716.258,-5.494,-4.476,-4.256
556.000,31.965286,39.939064,660.244,4582.139,3836.574,3706.703,686.602,-1867.919,-720.515,-5.497,-4.475,-4.257
557.000,31.963198,39.921109,659.288,4582.822,3834.704,3705.980,681.103,-1872.392,-724.773,-5.500,-4.473,-4.258
558.000,31.961111,39.903148,658.324,4583.501,3832.829,3705.253,675.601,-1876.865,-729.032,-5.504,-4.472,-4.259
559.000,31.959024,39.885180,657.352,4584.174,3830.950,3704.522,670.095,-1881.338,-733.291,-5.507,-4.471,-4.260
560.000,31.956935,39.867213,656.373,4584.841,3829.066,3703.787,664.586,-1885.808,-737.552,-5.511,-4.470,-4.261
561.000,31.954840,39.849239,655.386,4585.503,3827.178,3703.047,659.072,-1890.277,-741.813,-5.515,-4.469,-4.262
562.000,31.952743,39.831266,654.391,4586.159,3825.286,3702.303,653.556,-1894.746,-746.076,-5.518,-4.468,-4.263
563.000,31.950646,39.813287,653.389,4586.811,3823.389,3701.555,648.035,-1899.213,-750.339,-5.522,-4.467,-4.264
564.000,31.948554,39.795306,652.378,4587.455,3821.487,3700.803,642.512,-1903.679,-754.604,-5.526,-4.465,-4.265
565.000,31.946449,39.777320,651.360,4588.095,3819.581,3700.046,636.984,-1908.144,-758.869,-5.529,-4.465,-4.266
566.000,31.944345,39.759341,650.334,4588.729,3817.672,3699.285,631.452,-1912.608,-763.136,-5.533,-4.464,-4.267
567.000,31.942244,39.741348,649.300,4589.358,3815.756,3698.520,625.917,-1917.071,-767.403,-5.537,-4.462,-4.268
568.000,31.940132,39.723349,648.259,4589.982,3813.837,3697.750,620.379,-1921.533,-771.671,-5.540,-4.461,-4.269
569.000,31.938020,39.705356,647.210,4590.599,3811.914,3696.976,614.836,-1925.994,-775.941,-5.544,-4.460,-4.270
570.000,31.935912,39.687349,646.152,4591.211,3809.985,3696.198,609.290,-1930.454,-780.211,-5.548,-4.460,-4.271
571.000,31.933798,39.669349,645.088,4591.818,3808.053,3695.416,603.740,-1934.913,-784.483,-5.552,-4.458,-4.272
572.000,31.931681,39.651336,644.015,4592.419,3806.115,3694.629,598.186,-1939.370,-788.755,-5.556,-4.457,-4.273
573.000,31.929566,39.633328,642.934,4593.014,3804.174,3693.838,592.628,-1943.827,-793.029,-5.559,-4.457,-4.274
574.000,31.927447,39.615307,641.846,4593.604,3802.227,3693.043,587.068,-1948.283,-797.304,-5.563,-4.455,-4.275
575.000,31.925330,39.597293,640.750,4594.188,3800.277,3692.244,581.502,-1952.737,-801.579,-5.567,-4.454,-4.276
576.000,31.923203,39.579264,639.646,4594.767,3798.322,3691.440,575.934,-1957.191,-805.856,-5.571,-4.454,-4.277
577.000,31.921076,39.561242,638.534,4595.340,3796.363,3690.632,570.360,-1961.644,-810.134,-5.575,-4.452,-4.278
578.000,31.918951,39.543213,637.415,4595.907,3794.399,3689.820,564.784,-1966.095,-814.413,-5.579,-4.451,-4.280
579.000,31.916819,39.525176,636.287,4596.469,3792.430,3689.003,559.203,-1970.546,-818.693,-5.582,-4.451,-4.281
580.000,31.914684,39.507139,635.152,4597.026,3790.458,3688.182,553.619,-1974.996,-822.975,-5.586,-4.449,-4.282
581.000,31.912551,39.489095,634.010,4597.577,3788.480,3687.357,548.032,-1979.445,-827.257,-5.590,-4.448,-4.283
582.000,31.910418,39.471056,632.859,4598.122,3786.499,3686.528,542.439,-1983.893,-831.540,-5.594,-4.448,-4.284
583.000,31.908278,39.452997,631.700,4598.662,3784.512,3685.694,536.843,-1988.339,-835.825,-5.598,-4.447,-4.285
584.000,31.906137,39.434950,630.534,4599.195,3782.522,3684.856,531.244,-1992.786,-840.111,-5.602,-4.445,-4.286
585.000,31.903998,39.416889,629.359,4599.724,3780.527,3684.014,525.639,-1997.231,-844.398,-5.606,-4.445,-4.288
586.000,31.901851,39.398827,628.177,4600.247,3778.527,3683.167,520.032,-2001.675,-848.686,-5.610,-4.444,-4.289
587.000,31.899708,39.380764,626.988,4600.764,3776.524,3682.317,514.420,-2006.119,-852.976,-5.614,-4.443,-4.290
588.000,31.897551,39.362693,625.790,4601.276,3774.516,3681.461,508.804,-2010.561,-857.266,-5.618,-4.442,-4.291
589.000,31.895406,39.344621,624.584,4601.781,3772.503,3680.602,503.185,-2015.003,-861.558,-5.622,-4.442,-4.292
590.000,31.893250,39.326535,623.371,4602.282,3770.485,3679.738,497.561,-2019.443,-865.851,-5.626,-4.440,-4.294
591.000,31.891096,39.308454,622.150,4602.777,3768.463,3678.870,491.934,-2023.883,-870.146,-5.630,-4.439,-4.295
592.000,31.888938,39.290373,620.921,4603.266,3766.438,3677.998,486.301,-2028.322,-874.441,-5.634,-4.439,-4.296
593.000,31.886775,39.272283,619.684,4603.749,3764.408,3677.121,480.665,-2032.760,-878.738,-5.638,-4.437,-4.297
594.000,31.884619,39.254185,618.440,4604.227,3762.372,3676.241,475.026,-2037.197,-883.036,-5.642,-4.437,-4.299
595.000,31.882452,39.236086,617.186,4604.699,3760.333,3675.355,469.382,-2041.634,-887.335,-5.646,-4.436,-4.300
596.000,31.880287,39.217979,615.927,4605.166,3758.289,3674.466,463.734,-2046.069,-891.636,-5.650,-4.435,-4.301
597.000,31.878118,39.199870,614.658,4605.627,3756.240,3673.572,458.082,-2050.503,-895.938,-5.655,-4.434,-4.303
598.000,31.875947,39.181760,613.382,4606.082,3754.188,3672.674,452.426,-2054.938,-900.241,-5.659,-4.434,-4.304
599.000,31.873777,39.163641,612.098,4606.532,3752.131,3671.772,446.765,-2059.370,-904.546,-5.663,-4.433,-4.305
600.000,31.871600,39.145528,610.806,4606.975,3750.070,3670.865,441.101,-2063.803,-908.851,-5.667,-4.432,-4.307
601.000,31.869423,39.127392,609.506,4607.414,3748.003,3669.954,435.431,-2068.235,-913.159,-5.671,-4.431,-4.308
602.000,31.867244,39.109269,608.199,4607.846,3745.933,3669.039,429.758,-2072.666,-917.467,-5.675,-4.430,-4.309
603.000,31.865062,39.091130,606.883,4608.273,3743.858,3668.119,424.081,-2077.095,-921.777,-5.680,-4.430,-4.311
604.000,31.862876,39.072990,605.560,4608.695,3741.778,3667.195,418.400,-2081.524,-926.088,-5.683,-4.428,-4.312
605.000,31.860688,39.054848,604.229,4609.110,3739.695,3666.267,412.715,-2085.953,-930.401,-5.687,-4.428,-4.313
606.000,31.858500,39.036697,602.889,4609.520,3737.606,3665.334,407.025,-2090.381,-934.715,-5.691,-4.428,-4.315
607.000,31.856309,39.018544,601.542,4609.924,3735.514,3664.397,401.331,-2094.808,-939.030,-5.696,-4.426,-4.316
608.000,31.854116,39.000389,600.187,4610.322,3733.417,3663.456,395.633,-2099.234,-943.347,-5.700,-4.426,-4.318
609.000,31.851923,38.982226,598.825,4610.715,3731.316,3662.511,389.931,-2103.660,-947.665,-5.704,-4.426,-4.319
610.000,31.849723,38.964053,597.454,4611.103,3729.210,3661.561,384.224,-2108.085,-951.985,-5.708,-4.424,-4.320
611.000,31.847526,38.945878,596.075,4611.484,3727.099,3660.607,378.513,-2112.508,-956.306,-5.713,-4.424,-4.322
612.000,31.845320,38.927701,594.689,4611.859,3724.984,3659.648,372.798,-2116.932,-960.629,-5.717,-4.424,-4.323
613.000,31.843112,38.909522,593.295,4612.229,3722.866,3658.685,367.078,-2121.354,-964.953,-5.721,-4.422,-4.325
614.000,31.840904,38.891335,591.893,4612.594,3720.742,3657.718,361.354,-2125.777,-969.278,-5.726,-4.422,-4.326
615.000,31.838699,38.873144,590.482,4612.952,3718.614,3656.747,355.625,-2130.198,-973.605,-5.730,-4.421,-4.328
616.000,31.836487,38.854944,589.064,4613.305,3716.482,3655.771,349.892,-2134.618,-977.934,-5.735,-4.420,-4.329
617.000,31.834273,38.836742,587.638,4613.652,3714.345,3654.791,344.155,-2139.039,-982.264,-5.739,-4.420,-4.331
618.000,31.832059,38.818531,586.204,4613.993,3712.203,3653.807,338.413,-2143.458,-986.595,-5.743,-4.419,-4.332
619.000,31.829839,38.800323,584.762,4614.328,3710.058,3652.818,332.668,-2147.876,-990.928,-5.748,-4.419,-4.334
620.000,31.827615,38.782100,583.313,4614.659,3707.908,3651.825,326.917,-2152.295,-995.262,-5.752,-4.418,-4.335
621.000,31.825388,38.763874,581.855,4614.983,3705.753,3650.827,321.162,-2156.713,-999.598,-5.757,-4.417,-4.337
622.000,31.823169,38.745652,580.390,4615.301,3703.595,3649.826,315.403,-2161.129,-1003.936,-5.761,-4.417,-4.338
623.000,31.820932,38.727414,578.916,4615.614,3701.431,3648.819,309.639,-2165.546,-1008.275,-5.766,-4.416,-4.340
624.000,31.818706,38.709173,577.434,4615.921,3699.263,3647.809,303.870,-2169.962,-1012.616,-5.770,-4.415,-4.342
625.000,31.816470,38.690929,575.945,4616.222,3697.091,3646.794,298.098,-2174.376,-1016.958,-5.775,-4.415,-4.343
626.000,31.814237,38.672682,574.447,4616.516,3694.915,3645.775,292.320,-2178.791,-1021.302,-5.779,-4.414,-4.345
627.000,31.812005,38.654425,572.942,4616.805,3692.733,3644.752,286.538,-2183.204,-1025.648,-5.784,-4.414,-4.346
628.000,31.809763,38.636166,571.428,4617.089,3690.548,3643.724,280.751,-2187.618,-1029.995,-5.789,-4.413,-4.348
629.000,31.807521,38.617896,569.907,4617.367,3688.358,3642.692,274.960,-2192.031,-1034.343,-5.793,-4.413,-4.350
630.000,31.805272,38.599630,568.378,4617.639,3686.164,3641.655,269.165,-2196.443,-1038.694,-5.798,-4.412,-4.351
631.000,31.803020,38.581348,566.841,4617.906,3683.965,3640.614,263.365,-2200.854,-1043.046,-5.802,-4.411,-4.353
632.000,31.800775,38.563068,565.295,4618.166,3681.762,3639.569,257.560,-2205.266,-1047.399,-5.807,-4.411,-4.355
633.000,31.798517,38.544780,563.743,4618.421,3679.555,3638.519,251.750,-2209.677,-1051.755,-5.812,-4.410,-4.356
634.000,31.796262,38.526487,562.181,4618.669,3677.343,3637.465,245.935,-2214.087,-1056.112,-5.816,-4.410,-4.358
635.000,31.794007,38.508184,560.612,4618.913,3675.126,3636.407,240.117,-2218.496,-1060.471,-5.821,-4.410,-4.360
636.000,31.791749,38.489878,559.036,4619.150,3672.906,3635.345,234.294,-2222.906,-1064.831,-5.826,-4.409,-4.361
637.000,31.789481,38.471568,557.450,4619.381,3670.681,3634.277,228.465,-2227.314,-1069.193,-5.830,-4.409,-4.363
638.000,31.787216,38.453255,555.858,4619.607,3668.452,3633.206,222.632,-2231.722,-1073.557,-5.835,-4.408,-4.365
639.000,31.784948,38.434925,554.256,4619.827,3666.217,3632.130,216.794,-2236.130,-1077.922,-5.840,-4.408,-4.366
640.000,31.782680,38.416597,552.647,4620.041,3663.979,3631.050,210.952,-2240.537,-1082.290,-5.845,-4.406,-4.368
641.000,31.780409,38.398266,551.031,4620.249,3661.736,3629.966,205.105,-2244.944,-1086.659,-5.849,-4.406,-4.370
642.000,31.778134,38.379931,549.405,4620.450,3659.489,3628.877,199.253,-2249.350,-1091.030,-5.854,-4.406,-4.372
643.000,31.775856,38.361579,547.773,4620.647,3657.238,3627.784,193.395,-2253.756,-1095.402,-5.859,-4.405,-4.374
644.000,31.773571,38.343230,546.132,4620.838,3654.982,3626.686,187.534,-2258.162,-1099.777,-5.864,-4.405,-4.375
645.000,31.771293,38.324869,544.482,4621.022,3652.721,3625.584,181.668,-2262.567,-1104.153,-5.869,-4.404,-4.377
646.000,31.769005,38.306506,542.826,4621.201,3650.457,3624.478,175.796,-2266.970,-1108.531,-5.873,-4.404,-4.379
647.000,31.766719,38.288137,541.160,4621.373,3648.187,3623.367,169.920,-2271.375,-1112.911,-5.878,-4.404,-4.381
648.000,31.764428,38.269758,539.487,4621.541,3645.914,3622.252,164.039,-2275.778,-1117.292,-5.883,-4.404,-4.383
649.000,31.762139,38.251375,537.806,4621.701,3643.635,3621.133,158.153,-2280.182,-1121.676,-5.888,-4.404,-4.384
650.000,31.759841,38.232987,536.117,4621.857,3641.353,3620.009,152.262,-2284.586,-1126.061,-5.893,-4.403,-4.386
651.000,31.757538,38.214596,534.419,4622.006,3639.067,3618.880,146.367,-2288.988,-1130.448,-5.898,-4.403,-4.388
652.000,31.755239,38.196186,532.715,4622.150,3636.775,3617.748,140.466,-2293.390,-1134.838,-5.903,-4.402,-4.390
653.000,31.752937,38.177785,531.001,4622.287,3634.480,3616.611,134.560,-2297.792,-1139.229,-5.908,-4.402,-4.392
654.000,31.750624,38.159367,529.280,4622.419,3632.180,3615.469,128.649,-2302.194,-1143.621,-5.913,-4.401,-4.394
655.000,31.748322,38.140944,527.551,4622.545,3629.875,3614.324,122.733,-2306.594,-1148.016,-5.918,-4.401,-4.396
656.000,31.746005,38.122523,525.813,4622.664,3627.567,3613.173,116.813,-2310.996,-1152.413,-5.923,-4.400,-4.398
657.000,31.743695,38.104091,524.068,4622.778,3625.254,3612.019,110.887,-2315.396,-1156.812,-5.928,-4.400,-4.400
658.000,31.741379,38.085647,522.315,4622.886,3622.936,3610.860,104.956,-2319.797,-1161.212,-5.933,-4.401,-4.402
659.000,31.739055,38.067205,520.553,4622.988,3620.614,3609.696,99.020,-2324.197,-1165.615,-5.938,-4.400,-4.404
660.000,31.736734,38.048745,518.782,4623.084,3618.287,3608.528,93.079,-2328.596,-1170.019,-5.943,-4.400,-4.406
661.000,31.734407,38.030287,517.005,4623.174,3615.957,3607.356,87.133,-2332.995,-1174.426,-5.948,-4.399,-4.407
662.000,31.732085,38.011817,515.220,4623.258,3613.621,3606.180,81.182,-2337.394,-1178.834,-5.953,-4.399,-4.409
663.000,31.729754,37.993342,513.426,4623.337,3611.282,3604.999,75.226,-2341.793,-1183.245,-5.958,-4.398,-4.411
664.000,31.727416,37.974870,511.624,4623.409,3608.938,3603.813,69.264,-2346.192,-1187.657,-5.964,-4.399,-4.414
665.000,31.725080,37.956378,509.814,4623.475,3606.589,3602.623,63.298,-2350.590,-1192.072,-5.970,-4.398,-4.416
666.000,31.722745,37.937887,507.995,4623.535,3604.237,3601.429,57.326,-2354.987,-1196.488,-5.975,-4.398,-4.418
667.000,31.720402,37.919385,506.169,4623.590,3601.879,3600.230,51.349,-2359.386,-1200.907,-5.980,-4.397,-4.420
668.000,31.718056,37.900878,504.335,4623.638,3599.518,3599.027,45.367,-2363.783,-1205.328,-5.985,-4.398,-4.422
669.000,31.715713,37.882366,502.493,4623.681,3597.152,3597.820,39.380,-2368.180,-1209.750,-5.990,-4.397,-4.424
670.000,31.713365,37.863847,500.642,4623.716,3594.782,3596.608,33.387,-2372.578,-1214.175,-5.996,-4.397,-4.426
671.000,31.711007,37.845310,498.783,4623.748,3592.406,3595.391,27.389,-2376.974,-1218.602,-6.001,-4.396,-4.428
672.000,31.708653,37.826781,496.916,4623.771,3590.027,3594.170,21.385,-2381.371,-1223.031,-6.006,-4.397,-4.430
673.000,31.706295,37.808233,495.041,4623.790,3587.644,3592.945,15.377,-2385.768,-1227.462,-6.012,-4.396,-4.432
674.000,31.703940,37.789693,493.158,4623.802,3585.256,3591.716,9.363,-2390.164,-1231.895,-6.017,-4.396,-4.434
675.000,31.701567,37.771134,491.267,4623.809,3582.864,3590.481,3.344,-2394.560,-1236.331,-6.022,-4.396,-4.436
676.000,31.699204,37.752569,489.368,4623.809,3580.467,3589.243,-2.680,-2398.957,-1240.768,-6.028,-4.396,-4.439
677.000,31.696837,37.733998,487.460,4623.803,3578.066,3588.000,-8.711,-2403.352,-1245.208,-6.033,-4.395,-4.441
678.000,31.694460,37.715422,485.544,4623.792,3575.661,3586.752,-14.746,-2407.748,-1249.650,-6.038,-4.396,-4.443
679.000,31.692093,37.696839,483.621,4623.773,3573.251,3585.501,-20.786,-2412.144,-1254.094,-6.044,-4.395,-4.445
680.000,31.689711,37.678243,481.688,4623.750,3570.836,3584.244,-26.833,-2416.540,-1258.540,-6.049,-4.395,-4.447
681.000,31.687325,37.659642,479.748,4623.720,3568.418,3582.983,-32.885,-2420.935,-1262.989,-6.055,-4.395,-4.450
682.000,31.684946,37.641028,477.800,4623.684,3565.994,3581.718,-38.942,-2425.329,-1267.440,-6.060,-4.395,-4.452
683.000,31.682563,37.622421,475.844,4623.642,3563.567,3580.449,-45.005,-2429.725,-1271.893,-6.065,-4.395,-4.454
684.000,31.680169,37.603794,473.879,4623.594,3561.134,3579.174,-51.073,-2434.120,-1276.348,-6.071,-4.395,-4.456
685.000,31.677778,37.585162,471.907,4623.540,3558.698,3577.896,-57.146,-2438.514,-1280.805,-6.076,-4.395,-4.459
686.000,31.675386,37.566529,469.925,4623.479,3556.258,3576.613,-63.226,-2442.910,-1285.265,-6.082,-4.395,-4.461
687.000,31.672984,37.547876,467.936,4623.414,3553.812,3575.325,-69.310,-2447.304,-1289.727,-6.088,-4.394,-4.463
688.000,31.670581,37.529224,465.939,4623.342,3551.363,3574.033,-75.401,-2451.700,-1294.191,-6.093,-4.395,-4.465
689.000,31.668181,37.510566,463.933,4623.263,3548.909,3572.737,-81.497,-2456.094,-1298.658,-6.099,-4.394,-4.468
690.000,31.665773,37.491894,461.919,4623.178,3546.450,3571.436,-87.599,-2460.488,-1303.127,-6.104,-4.395,-4.470
691.000,31.663366,37.473222,459.897,4623.088,3543.988,3570.131,-93.706,-2464.883,-1307.598,-6.110,-4.394,-4.472
692.000,31.660950,37.454537,457.867,4622.991,3541.521,3568.821,-99.818,-2469.278,-1312.072,-6.116,-4.395,-4.475
693.000,31.658538,37.435845,455.829,4622.888,3539.050,3567.507,-105.937,-2473.673,-1316.548,-6.121,-4.394,-4.477
694.000,31.656117,37.417139,453.782,4622.779,3536.573,3566.188,-112.062,-2478.067,-1321.026,-6.127,-4.395,-4.480
695.000,31.653696,37.398433,451.728,4622.664,3534.093,3564.865,-118.192,-2482.462,-1325.507,-6.133,-4.395,-4.482
696.000,31.651271,37.379720,449.664,4622.543,3531.609,3563.537,-124.328,-2486.856,-1329.990,-6.138,-4.395,-4.484
697.000,31.648845,37.360994,447.593,4622.415,3529.119,3562.205,-130.469,-2491.251,-1334.476,-6.144,-4.395,-4.487
698.000,31.646412,37.342267,445.513,4622.281,3526.626,3560.868,-136.617,-2495.646,-1338.964,-6.150,-4.394,-4.489
699.000,31.643979,37.323527,443.426,4622.142,3524.129,3559.527,-142.770,-2500.041,-1343.454,-6.156,-4.395,-4.492
700.000,31.641540,37.304778,441.329,4621.996,3521.626,3558.181,-148.928,-2504.436,-1347.947,-6.162,-4.395,-4.494
701.000,31.639101,37.286016,439.225,4621.844,3519.119,3556.831,-155.093,-2508.830,-1352.442,-6.168,-4.395,-4.497
702.000,31.636655,37.267254,437.113,4621.686,3516.609,3555.476,-161.264,-2513.225,-1356.940,-6.174,-4.395,-4.499
703.000,31.634211,37.248484,434.992,4621.521,3514.094,3554.117,-167.440,-2517.620,-1361.440,-6.180,-4.395,-4.502
704.000,31.631759,37.229700,432.863,4621.351,3511.574,3552.753,-173.622,-2522.016,-1365.943,-6.186,-4.395,-4.504
705.000,31.629310,37.210908,430.725,4621.174,3509.049,3551.385,-179.810,-2526.411,-1370.448,-6.191,-4.396,-4.507
706.000,31.626850,37.192109,428.580,4620.992,3506.521,3550.012,-186.005,-2530.806,-1374.956,-6.197,-4.395,-4.509
707.000,31.624393,37.173302,426.426,4620.803,3503.988,3548.635,-192.205,-2535.201,-1379.467,-6.203,-4.395,-4.512
708.000,31.621931,37.154487,424.263,4620.607,3501.450,3547.253,-198.410,-2539.596,-1383.979,-6.209,-4.396,-4.514
709.000,31.619465,37.135665,422.093,4620.406,3498.909,3545.867,-204.623,-2543.992,-1388.495,-6.215,-4.396,-4.517
710.000,31.616998,37.116828,419.914,4620.198,3496.362,3544.476,-210.841,-2548.388,-1393.013,-6.221,-4.396,-4.519
711.000,31.614530,37.097989,417.726,4619.983,3493.811,3543.081,-217.065,-2552.785,-1397.534,-6.227,-4.396,-4.522
712.000,31.612052,37.079144,415.531,4619.763,3491.257,3541.681,-223.295,-2557.180,-1402.057,-6.233,-4.396,-4.525
713.000,31.609578,37.060282,413.327,4619.537,3488.697,3540.277,-229.532,-2561.577,-1406.583,-6.239,-4.397,-4.527
714.000,31.607094,37.041414,411.116,4619.305,3486.133,3538.868,-235.774,-2565.973,-1411.111,-6.245,-4.396,-4.530
715.000,31.604613,37.022537,408.895,4619.066,3483.565,3537.455,-242.023,-2570.370,-1415.642,-6.251,-4.397,-4.532
716.000,31.602126,37.003651,406.666,4618.821,3480.992,3536.037,-248.277,-2574.767,-1420.176,-6.257,-4.397,-4.535
717.000,31.599632,36.984764,404.429,4618.569,3478.416,3534.614,-254.538,-2579.163,-1424.712,-6.264,-4.397,-4.538
718.000,31.597137,36.965862,402.184,4618.311,3475.835,3533.187,-260.805,-2583.561,-1429.251,-6.270,-4.397,-4.540
719.000,31.594641,36.946945,399.931,4618.048,3473.249,3531.756,-267.078,-2587.958,-1433.793,-6.276,-4.397,-4.543
720.000,31.592144,36.928026,397.668,4617.777,3470.659,3530.320,-273.358,-2592.357,-1438.338,-6.283,-4.398,-4.546
721.000,31.589638,36.909091,395.397,4617.501,3468.064,3528.879,-279.643,-2596.754,-1442.885,-6.289,-4.398,-4.549
722.000,31.587132,36.890155,393.119,4617.218,3465.465,3527.434,-285.935,-2601.153,-1447.435,-6.295,-4.398,-4.551
723.000,31.584622,36.871210,390.831,4616.929,3462.862,3525.984,-292.234,-2605.551,-1451.988,-6.302,-4.399,-4.554
724.000,31.582110,36.852250,388.535,4616.633,3460.254,3524.530,-298.538,-2609.949,-1456.543,-6.308,-4.399,-4.557
725.000,31.579593,36.833280,386.231,4616.332,3457.641,3523.071,-304.849,-2614.349,-1461.101,-6.314,-4.400,-4.560
726.000,31.577076,36.814309,383.919,4616.023,3455.025,3521.608,-311.166,-2618.748,-1465.662,-6.320,-4.400,-4.562
727.000,31.574550,36.795322,381.598,4615.710,3452.404,3520.140,-317.490,-2623.148,-1470.226,-6.327,-4.399,-4.565
728.000,31.572020,36.776326,379.269,4615.389,3449.779,3518.667,-323.819,-2627.547,-1474.793,-6.333,-4.400,-4.568
729.000,31.569492,36.757320,376.931,4615.062,3447.149,3517.190,-330.156,-2631.948,-1479.362,-6.339,-4.400,-4.571
730.000,31.566963,36.738313,374.586,4614.728,3444.515,3515.709,-336.499,-2636.348,-1483.934,-6.346,-4.400,-4.574
731.000,31.564419,36.719289,372.231,4614.389,3441.877,3514.222,-342.848,-2640.749,-1488.510,-6.352,-4.401,-4.577
732.000,31.561884,36.700256,369.869,4614.043,3439.234,3512.732,-349.204,-2645.151,-1493.088,-6.359,-4.401,-4.579
733.000,31.559337,36.681214,367.497,4613.690,3436.586,3511.236,-355.566,-2649.552,-1497.669,-6.365,-4.402,-4.582
734.000,31.556793,36.662161,365.117,4613.331,3433.934,3509.736,-361.935,-2653.954,-1502.252,-6.372,-4.402,-4.585
735.000,31.554244,36.643100,362.729,4612.966,3431.278,3508.232,-368.311,-2658.356,-1506.839,-6.378,-4.402,-4.588
736.000,31.551690,36.624029,360.333,4612.595,3428.618,3506.723,-374.693,-2662.759,-1511.429,-6.386,-4.403,-4.591
737.000,31.549131,36.604949,357.928,4612.217,3425.953,3505.209,-381.081,-2667.162,-1516.021,-6.392,-4.403,-4.594
738.000,31.546575,36.585858,355.514,4611.832,3423.283,3503.691,-387.476,-2671.566,-1520.617,-6.399,-4.403,-4.597
739.000,31.544010,36.566751,353.092,4611.442,3420.609,3502.168,-393.877,-2675.970,-1525.215,-6.405,-4.405,-4.600
740.000,31.541436,36.547641,350.662,4611.045,3417.931,3500.640,-400.286,-2680.374,-1529.817,-6.412,-4.405,-4.603
741.000,31.538866,36.528521,348.223,4610.642,3415.249,3499.108,-406.701,-2684.779,-1534.421,-6.418,-4.405,-4.606
742.000,31.536290,36.509391,345.775,4610.232,3412.562,3497.571,-413.123,-2689.184,-1539.029,-6.425,-4.406,-4.609
743.000,31.533716,36.490251,343.319,4609.815,3409.870,3496.030,-419.551,-2693.590,-1543.639,-6.432,-4.406,-4.612
744.000,31.531130,36.471101,340.856,4609.393,3407.175,3494.484,-425.987,-2697.996,-1548.253,-6.438,-4.406,-4.615
745.000,31.528546,36.451940,338.382,4608.963,3404.474,3492.933,-432.429,-2702.403,-1552.870,-6.445,-4.407,-4.618
746.000,31.525958,36.432769,335.901,4608.527,3401.770,3491.378,-438.877,-2706.810,-1557.489,-6.452,-4.407,-4.621
747.000,31.523364,36.413588,333.411,4608.085,3399.061,3489.818,-445.333,-2711.218,-1562.112,-6.459,-4.408,-4.624
748.000,31.520769,36.394390,330.913,4607.637,3396.347,3488.254,-451.796,-2715.625,-1566.738,-6.466,-4.408,-4.627
749.000,31.518169,36.375195,328.406,4607.182,3393.630,3486.685,-458.265,-2720.034,-1571.367,-6.473,-4.409,-4.631
750.000,31.515564,36.355975,325.890,4606.721,3390.907,3485.111,-464.742,-2724.443,-1575.999,-6.480,-4.409,-4.634
751.000,31.512961,36.336759,323.366,4606.252,3388.181,3483.533,-471.225,-2728.853,-1580.634,-6.487,-4.410,-4.637
752.000,31.510349,36.317525,320.834,4605.778,3385.450,3481.950,-477.715,-2733.262,-1585.273,-6.494,-4.411,-4.640
753.000,31.507732,36.298280,318.293,4605.297,3382.714,3480.362,-484.213,-2737.673,-1589.914,-6.501,-4.411,-4.643
754.000,31.505117,36.279024,315.743,4604.810,3379.974,3478.770,-490.716,-2742.085,-1594.559,-6.508,-4.411,-4.646
755.000,31.502494,36.259764,313.185,4604.315,3377.230,3477.173,-497.228,-2746.497,-1599.207,-6.515,-4.413,-4.650
756.000,31.499872,36.240479,310.618,4603.816,3374.481,3475.572,-503.746,-2750.909,-1603.858,-6.521,-4.413,-4.653
757.000,31.497246,36.221197,308.043,4603.308,3371.728,3473.966,-510.271,-2755.322,-1608.513,-6.528,-4.413,-4.656
758.000,31.494610,36.201897,305.459,4602.795,3368.971,3472.355,-516.803,-2759.736,-1613.170,-6.535,-4.414,-4.659
759.000,31.491973,36.182593,302.866,4602.274,3366.209,3470.739,-523.343,-2764.150,-1617.831,-6.543,-4.415,-4.663
760.000,31.489334,36.163270,300.265,4601.748,3363.442,3469.119,-529.889,-2768.565,-1622.495,-6.551,-4.415,-4.666
761.000,31.486690,36.143935,297.655,4601.215,3360.671,3467.494,-536.443,-2772.980,-1627.163,-6.558,-4.416,-4.669
762.000,31.484044,36.124597,295.037,4600.675,3357.896,3465.865,-543.004,-2777.396,-1631.834,-6.565,-4.416,-4.672
763.000,31.481394,36.105247,292.411,4600.129,3355.117,3464.231,-549.573,-2781.813,-1636.508,-6.572,-4.417,-4.676
764.000,31.478740,36.085877,289.775,4599.576,3352.332,3462.592,-556.147,-2786.231,-1641.185,-6.579,-4.418,-4.679
765.000,31.476078,36.066504,287.130,4599.016,3349.544,3460.948,-562.731,-2790.649,-1645.866,-6.586,-4.418,-4.682
766.000,31.473415,36.047126,284.478,4598.450,3346.752,3459.300,-569.320,-2795.067,-1650.550,-6.593,-4.420,-4.686
767.000,31.470746,36.027722,281.817,4597.878,3343.954,3457.647,-575.917,-2799.487,-1655.238,-6.601,-4.420,-4.689
768.000,31.468082,36.008312,279.146,4597.299,3341.152,3455.990,-582.522,-2803.907,-1659.929,-6.608,-4.420,-4.693
769.000,31.465403,35.988898,276.467,4596.713,3338.347,3454.327,-589.134,-2808.328,-1664.623,-6.616,-4.421,-4.696
770.000,31.462724,35.969457,273.780,4596.121,3335.535,3452.660,-595.753,-2812.749,-1669.321,-6.623,-4.422,-4.700
771.000,31.460048,35.950019,271.084,4595.521,3332.721,3450.989,-602.380,-2817.172,-1674.022,-6.631,-4.423,-4.703
772.000,31.457359,35.930568,268.379,4594.915,3329.901,3449.312,-609.015,-2821.595,-1678.727,-6.638,-4.423,-4.706
773.000,31.454668,35.911098,265.666,4594.304,3327.077,3447.631,-615.656,-2826.019,-1683.435,-6.645,-4.424,-4.710
774.000,31.451975,35.891621,262.943,4593.684,3324.249,3445.945,-622.306,-2830.443,-1688.147,-6.653,-4.425,-4.713
775.000,31.449277,35.872134,260.213,4593.059,3321.417,3444.255,-628.962,-2834.869,-1692.862,-6.660,-4.426,-4.717
776.000,31.446580,35.852633,257.473,4592.426,3318.580,3442.560,-635.626,-2839.294,-1697.581,-6.668,-4.427,-4.721
777.000,31.443871,35.833120,254.726,4591.788,3315.739,3440.860,-642.298,-2843.721,-1702.303,-6.675,-4.427,-4.724
778.000,31.441163,35.813593,251.968,4591.142,3312.892,3439.155,-648.977,-2848.149,-1707.029,-6.684,-4.428,-4.728
779.000,31.438453,35.794061,249.202,4590.489,3310.042,3437.446,-655.664,-2852.578,-1711.758,-6.691,-4.428,-4.731
780.000,31.435734,35.774510,246.428,4589.831,3307.187,3435.732,-662.359,-2857.006,-1716.491,-6.699,-4.430,-4.735
781.000,31.433012,35.754951,243.645,4589.165,3304.328,3434.013,-669.061,-2861.437,-1721.228,-6.706,-4.431,-4.738
782.000,31.430285,35.735380,240.853,4588.492,3301.464,3432.289,-675.771,-2865.868,-1725.968,-6.714,-4.431,-4.742
783.000,31.427559,35.715796,238.052,4587.813,3298.596,3430.561,-682.489,-2870.300,-1730.712,-6.722,-4.432,-4.746
784.000,31.424824,35.696191,235.243,4587.128,3295.723,3428.828,-689.214,-2874.733,-1735.460,-6.729,-4.433,-4.749
785.000,31.422084,35.676588,232.425,4586.435,3292.847,3427.090,-695.948,-2879.166,-1740.211,-6.737,-4.434,-4.753
786.000,31.419340,35.656963,229.598,4585.736,3289.965,3425.347,-702.689,-2883.601,-1744.966,-6.746,-4.435,-4.757
787.000,31.416596,35.637333,226.762,4585.030,3287.080,3423.600,-709.438,-2888.036,-1749.724,-6.753,-4.436,-4.760
788.000,31.413851,35.617688,223.917,4584.316,3284.189,3421.848,-716.195,-2892.473,-1754.487,-6.761,-4.437,-4.764
789.000,31.411095,35.598030,221.064,4583.597,3281.295,3420.091,-722.960,-2896.910,-1759.253,-6.769,-4.437,-4.768
790.000,31.408332,35.578359,218.202,4582.871,3278.396,3418.329,-729.732,-2901.347,-1764.023,-6.777,-4.438,-4.772
791.000,31.405577,35.558672,215.330,4582.137,3275.491,3416.563,-736.513,-2905.787,-1768.796,-6.784,-4.440,-4.775
792.000,31.402810,35.538973,212.451,4581.398,3272.583,3414.792,-743.302,-2910.227,-1773.574,-6.792,-4.441,-4.779
793.000,31.400040,35.519267,209.562,4580.651,3269.671,3413.016,-750.098,-2914.668,-1778.355,-6.800,-4.442,-4.783
794.000,31.397265,35.499546,206.664,4579.897,3266.754,3411.235,-756.902,-2919.110,-1783.140,-6.809,-4.442,-4.787
795.000,31.394476,35.479813,203.759,4579.138,3263.833,3409.449,-763.715,-2923.553,-1787.929,-6.817,-4.443,-4.791
796.000,31.391699,35.460070,200.843,4578.370,3260.908,3407.659,-770.537,-2927.996,-1792.721,-6.825,-4.444,-4.795
797.000,31.388913,35.440306,197.919,4577.596,3257.977,3405.864,-777.365,-2932.442,-1797.518,-6.833,-4.446,-4.799
798.000,31.386120,35.420529,194.987,4576.815,3255.042,3404.064,-784.203,-2936.887,-1802.318,-6.841,-4.447,-4.802
799.000,31.383322,35.400751,192.045,4576.027,3252.104,3402.259,-791.047,-2941.334,-1807.123,-6.849,-4.448,-4.806
800.000,31.380524,35.380944,189.095,4575.233,3249.160,3400.450,-797.901,-2945.783,-1811.931,-6.857,-4.449,-4.810
801.000,31.377721,35.361137,186.135,4574.432,3246.212,3398.636,-804.763,-2950.232,-1816.743,-6.866,-4.450,-4.814
802.000,31.374907,35.341307,183.166,4573.624,3243.259,3396.816,-811.633,-2954.682,-1821.560,-6.874,-4.450,-4.818
803.000,31.372091,35.321470,180.189,4572.809,3240.303,3394.992,-818.512,-2959.133,-1826.380,-6.883,-4.451,-4.822
804.000,31.369283,35.301617,177.203,4571.986,3237.341,3393.164,-825.398,-2963.586,-1831.204,-6.891,-4.452,-4.826
805.000,31.366458,35.281757,174.208,4571.157,3234.375,3391.330,-832.293,-2968.038,-1836.032,-6.899,-4.454,-4.830
806.000,31.363631,35.261876,171.204,4570.322,3231.405,3389.492,-839.197,-2972.493,-1840.865,-6.907,-4.455,-4.834
807.000,31.360797,35.241978,168.191,4569.480,3228.430,3387.648,-846.109,-2976.949,-1845.701,-6.916,-4.456,-4.838
808.000,31.357964,35.222079,165.169,4568.629,3225.451,3385.800,-853.029,-2981.405,-1850.541,-6.925,-4.457,-4.842
809.000,31.355122,35.202158,162.138,4567.774,3222.467,3383.947,-859.957,-2985.863,-1855.386,-6.933,-4.459,-4.847
810.000,31.352276,35.182228,159.098,4566.910,3219.480,3382.089,-866.894,-2990.322,-1860.235,-6.942,-4.460,-4.851
811.000,31.349432,35.162283,156.050,4566.040,3216.487,3380.227,-873.841,-2994.782,-1865.087,-6.950,-4.461,-4.855
812.000,31.346577,35.142315,152.991,4565.162,3213.489,3378.359,-880.794,-2999.244,-1869.944,-6.958,-4.462,-4.859
813.000,31.343723,35.122345,149.925,4564.278,3210.488,3376.487,-887.757,-3003.707,-1874.805,-6.967,-4.463,-4.863
814.000,31.340863,35.102359,146.849,4563.386,3207.482,3374.610,-894.729,-3008.170,-1879.670,-6.976,-4.464,-4.867
815.000,31.337989,35.082358,143.764,4562.488,3204.472,3372.727,-901.709,-3012.635,-1884.540,-6.985,-4.465,-4.872
816.000,31.335116,35.062341,140.670,4561.583,3201.457,3370.840,-908.699,-3017.102,-1889.413,-6.993,-4.466,-4.876
817.000,31.332247,35.042314,137.568,4560.671,3198.438,3368.949,-915.696,-3021.569,-1894.291,-7.002,-4.469,-4.880
818.000,31.329364,35.022271,134.456,4559.751,3195.414,3367.052,-922.703,-3026.038,-1899.173,-7.011,-4.470,-4.884
819.000,31.326478,35.002204,131.334,4558.825,3192.385,3365.150,-929.718,-3030.507,-1904.060,-7.019,-4.471,-4.889
820.000,31.323590,34.982129,128.205,4557.893,3189.353,3363.244,-936.742,-3034.979,-1908.950,-7.029,-4.472,-4.893
821.000,31.320691,34.962044,125.066,4556.952,3186.316,3361.332,-943.775,-3039.451,-1913.845,-7.038,-4.473,-4.897
822.000,31.317793,34.941943,121.918,4556.005,3183.274,3359.416,-950.816,-3043.925,-1918.745,-7.046,-4.475,-4.902
823.000,31.314892,34.921831,118.761,4555.050,3180.228,3357.495,-957.868,-3048.400,-1923.648,-7.055,-4.476,-4.906
824.000,31.311987,34.901695,115.594,4554.089,3177.177,3355.569,-964.928,-3052.876,-1928.557,-7.064,-4.477,-4.910
825.000,31.309072,34.881550,112.419,4553.121,3174.122,3353.638,-971.996,-3057.354,-1933.469,-7.074,-4.479,-4.915
826.000,31.306154,34.861395,109.235,4552.145,3171.063,3351.702,-979.074,-3061.833,-1938.386,-7.083,-4.480,-4.919
827.000,31.303230,34.841224,106.042,4551.162,3167.999,3349.761,-986.160,-3066.314,-1943.307,-7.091,-4.481,-4.923
828.000,31.300301,34.821027,102.839,4550.173,3164.930,3347.815,-993.257,-3070.795,-1948.233,-7.100,-4.483,-4.928
829.000,31.297374,34.800827,99.627,4549.176,3161.857,3345.865,-1000.361,-3075.278,-1953.163,-7.109,-4.484,-4.932
830.000,31.294433,34.780611,96.407,4548.172,3158.780,3343.909,-1007.475,-3079.762,-1958.098,-7.118,-4.485,-4.937
831.000,31.291488,34.760369,93.177,4547.161,3155.697,3341.948,-1014.599,-3084.248,-1963.037,-7.128,-4.487,-4.941
832.000,31.288544,34.740125,89.938,4546.143,3152.611,3339.983,-1021.731,-3088.736,-1967.981,-7.137,-4.488,-4.946
833.000,31.285592,34.719861,86.689,4545.117,3149.520,3338.012,-1028.873,-3093.225,-1972.929,-7.146,-4.490,-4.951
834.000,31.282637,34.699574,83.432,4544.086,3146.424,3336.037,-1036.024,-3097.715,-1977.882,-7.156,-4.491,-4.955
835.000,31.279679,34.679290,80.165,4543.045,3143.325,3334.057,-1043.184,-3102.207,-1982.839,-7.165,-4.492,-4.960
836.000,31.276706,34.658974,76.889,4541.999,3140.220,3332.071,-1050.354,-3106.700,-1987.801,-7.175,-4.494,-4.964
837.000,31.273738,34.638647,73.604,4540.945,3137.111,3330.081,-1057.533,-3111.193,-1992.768,-7.184,-4.495,-4.969
838.000,31.270766,34.618308,70.310,4539.884,3133.997,3328.086,-1064.722,-3115.690,-1997.739,-7.193,-4.497,-4.974
839.000,31.267787,34.597951,67.007,4538.815,3130.879,3326.086,-1071.920,-3120.187,-2002.715,-7.203,-4.499,-4.978
840.000,31.264793,34.577576,63.694,4537.740,3127.757,3324.080,-1079.127,-3124.687,-2007.696,-7.212,-4.500,-4.983
841.000,31.261803,34.557190,60.372,4536.658,3124.630,3322.070,-1086.344,-3129.187,-2012.681,-7.222,-4.502,-4.988
842.000,31.258810,34.536792,57.041,4535.567,3121.499,3320.055,-1093.571,-3133.689,-2017.671,-7.232,-4.503,-4.992
843.000,31.255810,34.516375,53.701,4534.470,3118.363,3318.035,-1100.807,-3138.192,-2022.666,-7.241,-4.505,-4.997
844.000,31.252805,34.495932,50.351,4533.366,3115.222,3316.010,-1108.053,-3142.698,-2027.665,-7.250,-4.505,-5.002
845.000,31.249786,34.475485,46.992,4532.254,3112.078,3313.979,-1115.308,-3147.204,-2032.670,-7.260,-4.507,-5.007
846.000,31.246774,34.455018,43.623,4531.135,3108.928,3311.944,-1122.574,-3151.712,-2037.679,-7.270,-4.509,-5.012
847.000,31.243752,34.434541,40.246,4530.009,3105.775,3309.904,-1129.848,-3156.223,-2042.693,-7.280,-4.510,-5.016
848.000,31.240726,34.414036,36.860,4528.876,3102.616,3307.859,-1137.133,-3160.734,-2047.712,-7.290,-4.512,-5.021
849.000,31.237700,34.393525,33.463,4527.734,3099.453,3305.809,-1144.428,-3165.247,-2052.736,-7.299,-4.514,-5.026
850.000,31.234654,34.372990,30.058,4526.587,3096.285,3303.753,-1151.733,-3169.762,-2057.764,-7.310,-4.516,-5.031
851.000,31.231617,34.352447,26.643,4525.431,3093.113,3301.693,-1159.047,-3174.278,-2062.798,-7.319,-4.517,-5.036
852.000,31.228569,34.331880,23.220,4524.269,3089.937,3299.628,-1166.371,-3178.796,-2067.837,-7.329,-4.519,-5.041
853.000,31.225515,34.311297,19.786,4523.098,3086.755,3297.557,-1173.705,-3183.316,-2072.880,-7.339,-4.521,-5.046
854.000,31.222459,34.290704,16.343,4521.921,3083.570,3295.482,-1181.050,-3187.837,-2077.929,-7.349,-4.523,-5.051
855.000,31.219399,34.270083,12.892,4520.737,3080.380,3293.402,-1188.404,-3192.361,-2082.982,-7.360,-4.524,-5.056
856.000,31.216330,34.249455,9.429,4519.544,3077.185,3291.316,-1195.768,-3196.885,-2088.041,-7.369,-4.525,-5.061
857.000,31.213258,34.228802,5.959,4518.345,3073.986,3289.226,-1203.143,-3201.412,-2093.104,-7.379,-4.527,-5.066
858.000,31.210178,34.208141,2.478,4517.138,3070.782,3287.130,-1210.527,-3205.940,-2098.173,-7.389,-4.529,-5.071
